Infomap

[1, 1, 1, 1, 1, 2, 2, 2, 2, 3, 4, 4, 4, 5, 5, 6, 8, 8, 10, 34, 41, 92, 105, 124, 210, 242, 268, 322, 408, 500, 553, 605, 606, 731, 969, 1299, 1554, 1633, 2793, 3132, 3611]

Louvain

[28, 68, 85, 98, 104, 110, 145, 146, 239, 366, 439, 524, 552, 596, 627, 647, 662, 1155, 1323, 2676, 2735, 2936, 3641]
[3245, 2913, 2157, 1357, 1187, 1184, 1027, 1026, 983, 905, 774, 695, 596, 447, 423, 232, 167, 140, 101, 93, 86, 68, 55, 24, 17]
[3243, 2768, 2087, 1872, 1799, 1352, 1037, 694, 636, 624, 603, 597, 528, 506, 462, 361, 219, 166, 98, 94, 86, 50, 20]
[3292, 2715, 2645, 1327, 1257, 1164, 1106, 777, 664, 629, 626, 597, 555, 538, 402, 360, 342, 230, 143, 133, 101, 99, 98, 85, 17]
[3093, 2739, 2420, 2037, 1352, 1095, 775, 740, 698, 627, 625, 595, 593, 532, 526, 382, 358, 141, 117, 112, 101, 98, 85, 44, 17]
[2932, 2750, 2090, 1910, 1351, 1129, 920, 817, 697, 632, 624, 599, 597, 527, 467, 444, 346, 234, 151, 145, 118, 104, 98, 85, 67, 44, 24]
[3230, 3086, 1968, 1601, 1352, 1067, 1023, 871, 861, 694, 627, 617, 597, 538, 518, 330, 225, 141, 112, 101, 99, 85, 68, 44, 30, 17]
[3247, 2708, 2102, 1345, 1041, 1028, 921, 852, 787, 696, 633, 624, 602, 597, 534, 496, 455, 297, 233, 146, 108, 102, 86, 82, 79, 55, 29, 17]
[2741, 2706, 1399, 1358, 1276, 1210, 1169, 1059, 965, 881, 778, 619, 598, 535, 530, 488, 399, 361, 228, 145, 112, 101, 90, 86, 26, 25, 17]
[3094, 2937, 2094, 1866, 1798, 1350, 1122, 698, 635, 624, 599, 597, 523, 468, 435, 219, 176, 141, 108, 100, 98, 85, 67, 44, 24]
[2956, 2725, 1867, 1806, 1704, 1355, 1182, 1073, 995, 691, 617, 597, 480, 461, 439, 219, 151, 147, 116, 99, 85, 68, 27, 25, 17]

LPA

[19, 59, 97, 2048, 2789, 3644, 11246]

Greedy Modularity

[1011, 1962, 2337, 6141, 8451]



[['E0585-F-300022'], ['Gad1-F-300464'], ['VGlut-F-100031'], ['VGlut-F-100283'], ['VGlut-F-400694']]